data:
  n_clusters: 1
  nt: 400
  nx: 101
  param_bounds:
    w:
    - 9.869604401089358
    - 157.91367041742973
model:
  D_hsizes:
  - 240
  - 240
  E_hsizes:
  - 240
  - 240
  lat_space: 8
  n_control: 2
  n_layers: 2
  n_units: 200
  noise: 0.0075
seed: 9
sensors:
  n_A_basis: 13
  n_SVD_basis: 15
  n_sensors: 18
  num_sensors: 18
training:
  Qs:
    AE: 100
    AENODE: 140
    LASTSTEP: 40
    LS: 120
    ONESTEP: 40
    SPATIALDIFF: 80
    TEMPORALDIFF: 60
  lMB: 5
  lr: 0.001
  lr_patience: 400
  nBPP: 800
  nMB: 20000
  n_epoch: 10000
  patience: 2000
  warmup: 200
