data:
  n_clusters: 1
  nt: 200
  nx: 101
  param_bounds:
    s:
    - 0.5
    - 0.9
    tau:
    - 0.015915494309189534
    - 0.15915494309189535
model:
  D_hsizes:
  - 120
  - 120
  E_hsizes:
  - 120
  - 120
  lat_space: 8
  n_control: 3
  n_layers: 3
  n_units: 300
  noise: 0.0075
seed: 9
sensors:
  n_A_basis: 13
  n_SVD_basis: 15
  n_sensors: 18
  num_sensors: 18
training:
  Qs:
    AE: 100
    AENODE: 140
    LASTSTEP: 40
    LS: 120
    ONESTEP: 40
    SPATIALDIFF: 80
    TEMPORALDIFF: 60
  lMB: 5
  lr: 0.01
  lr_patience: 300
  nBPP: 200
  nMB: 1000
  n_epoch: 10000
  patience: 2000
  warmup: 200
